0.1 0.9 100 random 174.2
0.1 0.9 100 coupcoll 108.83333333333333
0.1 0.9 100 ratiocoll 100.93333333333334
0.1 0.9 100 union-bound 111.11111111111111
0.1 0.9 100 asymptotic 107.97884560802865
0.1 0.9 1000 random 1810.4
0.1 0.9 1000 coupcoll 1089.2
0.1 0.9 1000 ratiocoll 1005.0333333333333
0.1 0.9 1000 union-bound 1111.111111111111
0.1 0.9 1000 asymptotic 1025.2313252202016
0.1 0.9 10000 random 18019.666666666668
0.1 0.9 10000 coupcoll 10888.533333333333
0.1 0.9 10000 ratiocoll 10010.966666666667
0.1 0.9 10000 union-bound 11111.111111111111
0.1 0.9 10000 asymptotic 10079.788456080287
0.1 0.9 100000 random 179960.83333333334
0.1 0.9 100000 coupcoll 108871.9
0.1 0.9 100000 ratiocoll 100072.43333333333
0.1 0.9 100000 union-bound 111111.11111111111
0.1 0.9 100000 asymptotic 100252.31325220202
0.3 0.7 100 random 141.43333333333334
0.3 0.7 100 coupcoll 117.1
0.3 0.7 100 ratiocoll 103.56666666666666
0.3 0.7 100 union-bound 142.85714285714286
0.3 0.7 100 asymptotic 107.97884560802865
0.3 0.7 1000 random 1398.2
0.3 0.7 1000 coupcoll 1169.7333333333333
0.3 0.7 1000 ratiocoll 1009.0
0.3 0.7 1000 union-bound 1428.5714285714284
0.3 0.7 1000 asymptotic 1025.2313252202016
0.3 0.7 10000 random 14006.966666666667
0.3 0.7 10000 coupcoll 11700.633333333333
0.3 0.7 10000 ratiocoll 10033.866666666667
0.3 0.7 10000 union-bound 14285.714285714286
0.3 0.7 10000 asymptotic 10079.788456080287
0.3 0.7 100000 random 140021.7
0.3 0.7 100000 coupcoll 117159.5
0.3 0.7 100000 ratiocoll 100097.63333333333
0.3 0.7 100000 union-bound 142857.14285714284
0.3 0.7 100000 asymptotic 100252.31325220202
0.3 0.9 100 random 186.36666666666667
0.3 0.9 100 coupcoll 107.13333333333334
0.3 0.9 100 ratiocoll 107.36666666666666
0.3 0.9 100 union-bound 134.9206349206349
0.3 0.9 100 asymptotic 108.04192046789477
0.3 0.9 1000 random 1875.2
0.3 0.9 1000 coupcoll 1073.5666666666666
0.3 0.9 1000 ratiocoll 1065.9
0.3 0.9 1000 union-bound 1349.2063492063494
0.3 0.9 1000 asymptotic 1025.4307854404744
0.3 0.9 10000 random 18754.8
0.3 0.9 10000 coupcoll 10722.0
0.3 0.9 10000 ratiocoll 10736.233333333334
0.3 0.9 10000 union-bound 13492.063492063491
0.3 0.9 10000 asymptotic 10080.419204678949
0.3 0.9 100000 random 187469.16666666666
0.3 0.9 100000 coupcoll 107157.06666666667
0.3 0.9 100000 ratiocoll 107169.03333333334
0.3 0.9 100000 union-bound 134920.6349206349
0.3 0.9 100000 asymptotic 100254.30785440475
0.5 0.5 100 random 107.33333333333333
0.5 0.5 100 coupcoll 105.6
0.5 0.5 100 ratiocoll 105.36666666666666
0.5 0.5 100 union-bound 200.0
0.5 0.5 100 asymptotic 107.97884560802865
0.5 0.5 1000 random 1024.8666666666666
0.5 0.5 1000 coupcoll 1026.5
0.5 0.5 1000 ratiocoll 1023.2
0.5 0.5 1000 union-bound 2000.0
0.5 0.5 1000 asymptotic 1025.2313252202016
0.5 0.5 10000 random 10070.133333333333
0.5 0.5 10000 coupcoll 10077.333333333334
0.5 0.5 10000 ratiocoll 10080.433333333332
0.5 0.5 10000 union-bound 20000.0
0.5 0.5 10000 asymptotic 10079.788456080287
0.5 0.5 100000 random 100253.73333333334
0.5 0.5 100000 coupcoll 100240.3
0.5 0.5 100000 ratiocoll 100237.23333333334
0.5 0.5 100000 union-bound 200000.0
0.5 0.5 100000 asymptotic 100252.31325220202
0.5 0.7 100 random 146.4
0.5 0.7 100 coupcoll 117.4
0.5 0.7 100 ratiocoll 119.43333333333334
0.5 0.7 100 union-bound 176.0
0.5 0.7 100 asymptotic 108.09202637613683
0.5 0.7 1000 random 1447.9666666666667
0.5 0.7 1000 coupcoll 1165.4333333333334
0.5 0.7 1000 ratiocoll 1160.8333333333333
0.5 0.7 1000 union-bound 1761.7142857142858
0.5 0.7 1000 asymptotic 1025.5892342347508
0.5 0.7 10000 random 14654.4
0.5 0.7 10000 coupcoll 11694.333333333334
0.5 0.7 10000 ratiocoll 11655.333333333334
0.5 0.7 10000 union-bound 17618.857142857145
0.5 0.7 10000 asymptotic 10080.920263761369
0.5 0.7 100000 random 145896.3
0.5 0.7 100000 coupcoll 116637.26666666666
0.5 0.7 100000 ratiocoll 116654.96666666666
0.5 0.7 100000 union-bound 176190.2857142857
0.5 0.7 100000 asymptotic 100255.8923423475
0.5 0.9 100 random 209.23333333333332
0.5 0.9 100 coupcoll 127.36666666666666
0.5 0.9 100 ratiocoll 128.93333333333334
0.5 0.9 100 union-bound 168.0
0.5 0.9 100 asymptotic 108.32591254204627
0.5 0.9 1000 random 2145.9
0.5 0.9 1000 coupcoll 1285.5
0.5 0.9 1000 ratiocoll 1285.9333333333334
0.5 0.9 1000 union-bound 1682.6666666666667
0.5 0.9 1000 asymptotic 1026.3288472322286
0.5 0.9 10000 random 21440.333333333332
0.5 0.9 10000 coupcoll 12838.9
0.5 0.9 10000 ratiocoll 12832.2
0.5 0.9 10000 union-bound 16825.777777777777
0.5 0.9 10000 asymptotic 10083.259125420464
0.5 0.9 100000 random 214501.46666666667
0.5 0.9 100000 coupcoll 128587.1
0.5 0.9 100000 ratiocoll 128692.2
0.5 0.9 100000 union-bound 168254.22222222222
0.5 0.9 100000 asymptotic 100263.28847232228
0.7 0.3 100 random 141.76666666666668
0.7 0.3 100 coupcoll 117.56666666666666
0.7 0.3 100 ratiocoll 102.86666666666666
0.7 0.3 100 union-bound 142.85714285714286
0.7 0.3 100 asymptotic 107.97884560802865
0.7 0.3 1000 random 1397.9333333333334
0.7 0.3 1000 coupcoll 1172.5666666666666
0.7 0.3 1000 ratiocoll 1006.8333333333334
0.7 0.3 1000 union-bound 1428.5714285714284
0.7 0.3 1000 asymptotic 1025.2313252202016
0.7 0.3 10000 random 13996.9
0.7 0.3 10000 coupcoll 11709.033333333333
0.7 0.3 10000 ratiocoll 10024.3
0.7 0.3 10000 union-bound 14285.714285714286
0.7 0.3 10000 asymptotic 10079.788456080287
0.7 0.3 100000 random 140059.23333333334
0.7 0.3 100000 coupcoll 117133.76666666666
0.7 0.3 100000 ratiocoll 100058.1
0.7 0.3 100000 union-bound 142857.14285714284
0.7 0.3 100000 asymptotic 100252.31325220202
0.7 0.5 100 random 107.33333333333333
0.7 0.5 100 coupcoll 106.76666666666667
0.7 0.5 100 ratiocoll 102.3
0.7 0.5 100 union-bound 166.85714285714286
0.7 0.5 100 asymptotic 108.09202637613683
0.7 0.5 1000 random 1048.0333333333333
0.7 0.5 1000 coupcoll 1068.5333333333333
0.7 0.5 1000 ratiocoll 1002.8666666666667
0.7 0.5 1000 union-bound 1666.857142857143
0.7 0.5 1000 asymptotic 1025.5892342347508
0.7 0.5 10000 random 10424.7
0.7 0.5 10000 coupcoll 10726.7
0.7 0.5 10000 ratiocoll 10001.733333333334
0.7 0.5 10000 union-bound 16666.857142857145
0.7 0.5 10000 asymptotic 10080.920263761369
0.7 0.5 100000 random 104254.5
0.7 0.5 100000 coupcoll 107146.43333333333
0.7 0.5 100000 ratiocoll 100001.9
0.7 0.5 100000 union-bound 166666.85714285716
0.7 0.5 100000 asymptotic 100255.8923423475
0.7 0.7 100 random 167.96666666666667
0.7 0.7 100 coupcoll 168.66666666666666
0.7 0.7 100 ratiocoll 161.4
0.7 0.7 100 union-bound 238.09523809523807
0.7 0.7 100 asymptotic 108.70563427551363
0.7 0.7 1000 random 1671.4666666666667
0.7 0.7 1000 coupcoll 1664.6
0.7 0.7 1000 ratiocoll 1657.4666666666667
0.7 0.7 1000 union-bound 2380.9523809523807
0.7 0.7 1000 asymptotic 1027.5296327870528
0.7 0.7 10000 random 16592.7
0.7 0.7 10000 coupcoll 16721.4
0.7 0.7 10000 ratiocoll 16634.266666666666
0.7 0.7 10000 union-bound 23809.52380952381
0.7 0.7 10000 asymptotic 10087.056342755137
0.7 0.7 100000 random 166500.1
0.7 0.7 100000 coupcoll 166614.0
0.7 0.7 100000 ratiocoll 166816.16666666666
0.7 0.7 100000 union-bound 238095.2380952381
0.7 0.7 100000 asymptotic 100275.29632787053
0.7 0.9 100 random 289.8
0.7 0.9 100 coupcoll 192.1
0.7 0.9 100 ratiocoll 188.3
0.7 0.9 100 union-bound 235.55555555555554
0.7 0.9 100 asymptotic 109.21317731923561
0.7 0.9 1000 random 2788.0
0.7 0.9 1000 coupcoll 1880.1666666666667
0.7 0.9 1000 ratiocoll 1895.6
0.7 0.9 1000 union-bound 2360.0
0.7 0.9 1000 asymptotic 1029.1346248157888
0.7 0.9 10000 random 28055.666666666668
0.7 0.9 10000 coupcoll 18721.3
0.7 0.9 10000 ratiocoll 18742.833333333332
0.7 0.9 10000 union-bound 23611.11111111111
0.7 0.9 10000 asymptotic 10092.131773192355
0.7 0.9 100000 random 280990.43333333335
0.7 0.9 100000 coupcoll 187558.03333333333
0.7 0.9 100000 ratiocoll 187610.53333333333
0.7 0.9 100000 union-bound 236111.1111111111
0.7 0.9 100000 asymptotic 100291.34624815789
0.9 0.1 100 random 180.6
0.9 0.1 100 coupcoll 108.73333333333333
0.9 0.1 100 ratiocoll 101.3
0.9 0.1 100 union-bound 111.11111111111111
0.9 0.1 100 asymptotic 107.97884560802865
0.9 0.1 1000 random 1805.7
0.9 0.1 1000 coupcoll 1087.5333333333333
0.9 0.1 1000 ratiocoll 1003.0
0.9 0.1 1000 union-bound 1111.111111111111
0.9 0.1 1000 asymptotic 1025.2313252202016
0.9 0.1 10000 random 17968.4
0.9 0.1 10000 coupcoll 10885.7
0.9 0.1 10000 ratiocoll 10010.5
0.9 0.1 10000 union-bound 11111.111111111111
0.9 0.1 10000 asymptotic 10079.788456080287
0.9 0.1 100000 random 179953.16666666666
0.9 0.1 100000 coupcoll 108868.53333333334
0.9 0.1 100000 ratiocoll 100053.06666666667
0.9 0.1 100000 union-bound 111111.11111111111
0.9 0.1 100000 asymptotic 100252.31325220202
0.9 0.3 100 random 122.8
0.9 0.3 100 coupcoll 107.56666666666666
0.9 0.3 100 ratiocoll 100.36666666666666
0.9 0.3 100 union-bound 119.04761904761907
0.9 0.3 100 asymptotic 108.04192046789477
0.9 0.3 1000 random 1262.5333333333333
0.9 0.3 1000 coupcoll 1072.4
0.9 0.3 1000 ratiocoll 1000.4333333333333
0.9 0.3 1000 union-bound 1190.4761904761906
0.9 0.3 1000 asymptotic 1025.4307854404744
0.9 0.3 10000 random 12492.433333333332
0.9 0.3 10000 coupcoll 10716.533333333333
0.9 0.3 10000 ratiocoll 10000.266666666666
0.9 0.3 10000 union-bound 11904.761904761905
0.9 0.3 10000 asymptotic 10080.419204678949
0.9 0.3 100000 random 125025.16666666667
0.9 0.3 100000 coupcoll 107149.5
0.9 0.3 100000 ratiocoll 100000.1
0.9 0.3 100000 union-bound 119047.61904761905
0.9 0.3 100000 asymptotic 100254.30785440475
0.9 0.5 100 random 116.86666666666666
0.9 0.5 100 coupcoll 103.9
0.9 0.5 100 ratiocoll 101.23333333333333
0.9 0.5 100 union-bound 143.11111111111111
0.9 0.5 100 asymptotic 108.32591254204627
0.9 0.5 1000 random 1205.2666666666667
0.9 0.5 1000 coupcoll 1032.5333333333333
0.9 0.5 1000 ratiocoll 1001.3666666666667
0.9 0.5 1000 union-bound 1428.4444444444443
0.9 0.5 1000 asymptotic 1026.3288472322286
0.9 0.5 10000 random 11922.333333333334
0.9 0.5 10000 coupcoll 10314.0
0.9 0.5 10000 ratiocoll 10001.133333333333
0.9 0.5 10000 union-bound 14285.333333333334
0.9 0.5 10000 asymptotic 10083.259125420464
0.9 0.5 100000 random 118955.73333333334
0.9 0.5 100000 coupcoll 103170.6
0.9 0.5 100000 ratiocoll 100001.23333333334
0.9 0.5 100000 union-bound 142856.88888888888
0.9 0.5 100000 asymptotic 100263.28847232228
0.9 0.7 100 random 221.23333333333332
0.9 0.7 100 coupcoll 149.03333333333333
0.9 0.7 100 ratiocoll 144.7
0.9 0.7 100 union-bound 208.88888888888889
0.9 0.7 100 asymptotic 109.21317731923561
0.9 0.7 1000 random 2189.5666666666666
0.9 0.7 1000 coupcoll 1452.1
0.9 0.7 1000 ratiocoll 1467.9333333333334
0.9 0.7 1000 union-bound 2084.4444444444443
0.9 0.7 1000 asymptotic 1029.1346248157888
0.9 0.7 10000 random 21986.5
0.9 0.7 10000 coupcoll 14575.0
0.9 0.7 10000 ratiocoll 14579.833333333334
0.9 0.7 10000 union-bound 20833.333333333332
0.9 0.7 10000 asymptotic 10092.131773192355
0.9 0.7 100000 random 218403.0
0.9 0.7 100000 coupcoll 145868.36666666667
0.9 0.7 100000 ratiocoll 145834.4
0.9 0.7 100000 union-bound 208333.3333333333
0.9 0.7 100000 asymptotic 100291.34624815789
0.9 0.9 100 random 499.1333333333333
0.9 0.9 100 coupcoll 493.43333333333334
0.9 0.9 100 ratiocoll 508.93333333333334
0.9 0.9 100 union-bound 555.5555555555557
0.9 0.9 100 asymptotic 113.29807601338109
0.9 0.9 1000 random 4984.466666666666
0.9 0.9 1000 coupcoll 4985.233333333334
0.9 0.9 1000 ratiocoll 4917.433333333333
0.9 0.9 1000 union-bound 5555.555555555557
0.9 0.9 1000 asymptotic 1042.052208700336
0.9 0.9 10000 random 49801.1
0.9 0.9 10000 coupcoll 49941.4
0.9 0.9 10000 ratiocoll 50069.166666666664
0.9 0.9 10000 union-bound 55555.55555555556
0.9 0.9 10000 asymptotic 10132.98076013381
0.9 0.9 100000 random 500532.4666666667
0.9 0.9 100000 coupcoll 499891.26666666666
0.9 0.9 100000 ratiocoll 500093.63333333336
0.9 0.9 100000 union-bound 555555.5555555556
0.9 0.9 100000 asymptotic 100420.52208700337
